90 90 90 90 90 90 90 90 90 90 90 90 90 90 
0 0 0 0 0 0 0 0 0 0 0 0 0 0 
0 0 180 90 90 90 90 0 180 90 90 90 0 0 
0 0 0 0 0 0 0 0 0 0 0 0 0 0 
0 0 270 90 90 90 0 0 270 90 90 0 0 0 
0 0 0 0 0 0 0 0 0 0 0 0 0 0 
90 90 90 90 0 180 90 0 180 90 90 90 0 0 
180 90 90 0 0 0 0 0 270 90 90 0 0 0 
0 0 0 0 0 0 0 0 0 0 0 0 0 0 
0 0 180 90 90 0 0 0 180 90 90 90 90 0 
0 0 270 90 90 90 0 0 0 0 0 0 0 0 
0 0 0 0 0 0 0 0 0 0 0 0 0 0 
0 90 90 90 0 0 0 0 0 0 0 0 0 0 
0 0 0 0 0 270 0 0 270 90 90 90 90 90 
0 0 0 0 0 0 0 0 0 0 0 0 0 0 
