90 90 90 90 90 90 90 90 90 90 90 90 90 90 
0 0 0 0 0 0 0 0 0 0 0 0 0 0 
0 0 90 90 90 180 0 90 90 90 90 180 0 0 
0 0 0 0 0 0 0 0 0 0 0 0 0 0 
0 0 0 90 90 270 0 0 90 90 90 270 0 0 
0 0 0 0 0 0 0 0 0 0 0 0 0 0 
0 0 90 90 90 180 0 90 180 0 90 90 90 90 
0 0 0 90 90 270 0 0 0 0 0 90 90 180 
0 0 0 0 0 0 0 0 0 0 0 0 0 0 
0 90 90 90 90 180 0 0 0 90 90 180 0 0 
0 0 0 0 0 0 0 0 90 90 90 270 0 0 
0 0 0 0 0 0 0 0 0 0 0 0 0 0 
0 0 0 0 0 0 0 0 0 0 90 90 90 0 
90 90 90 90 90 270 0 0 270 0 0 0 0 0 
0 0 0 0 0 0 0 0 0 0 0 0 0 0 
